{
 "cells": [
  {
   "cell_type": "markdown",
   "id": "65c55642-181a-4d5b-b78e-912b4ff3e01f",
   "metadata": {},
   "source": [
    "![](images/13_00.png)"
   ]
  },
  {
   "cell_type": "code",
   "execution_count": 1,
   "id": "a4f01031-cfb7-431a-b010-f44fafd6fee9",
   "metadata": {},
   "outputs": [
    {
     "name": "stderr",
     "output_type": "stream",
     "text": [
      "Installing package into ‘/home/manhcuong/R/x86_64-pc-linux-gnu-library/4.1’\n",
      "(as ‘lib’ is unspecified)\n",
      "\n"
     ]
    }
   ],
   "source": [
    "install.packages('mlbench')"
   ]
  },
  {
   "cell_type": "code",
   "execution_count": 10,
   "id": "a454f9cd-a501-4823-b015-8c6e17c41738",
   "metadata": {},
   "outputs": [],
   "source": [
    "library(mlbench)\n",
    "library(moments)\n",
    "library(ggplot2)\n",
    "library(gridExtra)\n",
    "library(ggExtra)\n",
    "library(tidyverse)"
   ]
  },
  {
   "cell_type": "code",
   "execution_count": 13,
   "id": "6ccd238c-ac52-46aa-90cc-487cb1df4b17",
   "metadata": {},
   "outputs": [],
   "source": [
    "data(PimaIndiansDiabetes)"
   ]
  },
  {
   "cell_type": "code",
   "execution_count": 14,
   "id": "8a18b39f-a792-4841-9749-e35bf48ff2cd",
   "metadata": {},
   "outputs": [],
   "source": [
    "pima = data.frame(PimaIndiansDiabetes)"
   ]
  },
  {
   "cell_type": "code",
   "execution_count": null,
   "id": "71480f01-925f-4331-963b-a71771128686",
   "metadata": {},
   "outputs": [],
   "source": []
  },
  {
   "cell_type": "code",
   "execution_count": 16,
   "id": "3c11e2a0-a35a-4132-be8a-c9207b0552e1",
   "metadata": {},
   "outputs": [
    {
     "data": {
      "text/html": [
       "<table class=\"dataframe\">\n",
       "<caption>A data.frame: 10 × 9</caption>\n",
       "<thead>\n",
       "\t<tr><th></th><th scope=col>pregnant</th><th scope=col>glucose</th><th scope=col>pressure</th><th scope=col>triceps</th><th scope=col>insulin</th><th scope=col>mass</th><th scope=col>pedigree</th><th scope=col>age</th><th scope=col>diabetes</th></tr>\n",
       "\t<tr><th></th><th scope=col>&lt;dbl&gt;</th><th scope=col>&lt;dbl&gt;</th><th scope=col>&lt;dbl&gt;</th><th scope=col>&lt;dbl&gt;</th><th scope=col>&lt;dbl&gt;</th><th scope=col>&lt;dbl&gt;</th><th scope=col>&lt;dbl&gt;</th><th scope=col>&lt;dbl&gt;</th><th scope=col>&lt;fct&gt;</th></tr>\n",
       "</thead>\n",
       "<tbody>\n",
       "\t<tr><th scope=row>1</th><td> 6</td><td>148</td><td>72</td><td>35</td><td>  0</td><td>33.6</td><td>0.627</td><td>50</td><td>pos</td></tr>\n",
       "\t<tr><th scope=row>2</th><td> 1</td><td> 85</td><td>66</td><td>29</td><td>  0</td><td>26.6</td><td>0.351</td><td>31</td><td>neg</td></tr>\n",
       "\t<tr><th scope=row>3</th><td> 8</td><td>183</td><td>64</td><td> 0</td><td>  0</td><td>23.3</td><td>0.672</td><td>32</td><td>pos</td></tr>\n",
       "\t<tr><th scope=row>4</th><td> 1</td><td> 89</td><td>66</td><td>23</td><td> 94</td><td>28.1</td><td>0.167</td><td>21</td><td>neg</td></tr>\n",
       "\t<tr><th scope=row>5</th><td> 0</td><td>137</td><td>40</td><td>35</td><td>168</td><td>43.1</td><td>2.288</td><td>33</td><td>pos</td></tr>\n",
       "\t<tr><th scope=row>6</th><td> 5</td><td>116</td><td>74</td><td> 0</td><td>  0</td><td>25.6</td><td>0.201</td><td>30</td><td>neg</td></tr>\n",
       "\t<tr><th scope=row>7</th><td> 3</td><td> 78</td><td>50</td><td>32</td><td> 88</td><td>31.0</td><td>0.248</td><td>26</td><td>pos</td></tr>\n",
       "\t<tr><th scope=row>8</th><td>10</td><td>115</td><td> 0</td><td> 0</td><td>  0</td><td>35.3</td><td>0.134</td><td>29</td><td>neg</td></tr>\n",
       "\t<tr><th scope=row>9</th><td> 2</td><td>197</td><td>70</td><td>45</td><td>543</td><td>30.5</td><td>0.158</td><td>53</td><td>pos</td></tr>\n",
       "\t<tr><th scope=row>10</th><td> 8</td><td>125</td><td>96</td><td> 0</td><td>  0</td><td> 0.0</td><td>0.232</td><td>54</td><td>pos</td></tr>\n",
       "</tbody>\n",
       "</table>\n"
      ],
      "text/latex": [
       "A data.frame: 10 × 9\n",
       "\\begin{tabular}{r|lllllllll}\n",
       "  & pregnant & glucose & pressure & triceps & insulin & mass & pedigree & age & diabetes\\\\\n",
       "  & <dbl> & <dbl> & <dbl> & <dbl> & <dbl> & <dbl> & <dbl> & <dbl> & <fct>\\\\\n",
       "\\hline\n",
       "\t1 &  6 & 148 & 72 & 35 &   0 & 33.6 & 0.627 & 50 & pos\\\\\n",
       "\t2 &  1 &  85 & 66 & 29 &   0 & 26.6 & 0.351 & 31 & neg\\\\\n",
       "\t3 &  8 & 183 & 64 &  0 &   0 & 23.3 & 0.672 & 32 & pos\\\\\n",
       "\t4 &  1 &  89 & 66 & 23 &  94 & 28.1 & 0.167 & 21 & neg\\\\\n",
       "\t5 &  0 & 137 & 40 & 35 & 168 & 43.1 & 2.288 & 33 & pos\\\\\n",
       "\t6 &  5 & 116 & 74 &  0 &   0 & 25.6 & 0.201 & 30 & neg\\\\\n",
       "\t7 &  3 &  78 & 50 & 32 &  88 & 31.0 & 0.248 & 26 & pos\\\\\n",
       "\t8 & 10 & 115 &  0 &  0 &   0 & 35.3 & 0.134 & 29 & neg\\\\\n",
       "\t9 &  2 & 197 & 70 & 45 & 543 & 30.5 & 0.158 & 53 & pos\\\\\n",
       "\t10 &  8 & 125 & 96 &  0 &   0 &  0.0 & 0.232 & 54 & pos\\\\\n",
       "\\end{tabular}\n"
      ],
      "text/markdown": [
       "\n",
       "A data.frame: 10 × 9\n",
       "\n",
       "| <!--/--> | pregnant &lt;dbl&gt; | glucose &lt;dbl&gt; | pressure &lt;dbl&gt; | triceps &lt;dbl&gt; | insulin &lt;dbl&gt; | mass &lt;dbl&gt; | pedigree &lt;dbl&gt; | age &lt;dbl&gt; | diabetes &lt;fct&gt; |\n",
       "|---|---|---|---|---|---|---|---|---|---|\n",
       "| 1 |  6 | 148 | 72 | 35 |   0 | 33.6 | 0.627 | 50 | pos |\n",
       "| 2 |  1 |  85 | 66 | 29 |   0 | 26.6 | 0.351 | 31 | neg |\n",
       "| 3 |  8 | 183 | 64 |  0 |   0 | 23.3 | 0.672 | 32 | pos |\n",
       "| 4 |  1 |  89 | 66 | 23 |  94 | 28.1 | 0.167 | 21 | neg |\n",
       "| 5 |  0 | 137 | 40 | 35 | 168 | 43.1 | 2.288 | 33 | pos |\n",
       "| 6 |  5 | 116 | 74 |  0 |   0 | 25.6 | 0.201 | 30 | neg |\n",
       "| 7 |  3 |  78 | 50 | 32 |  88 | 31.0 | 0.248 | 26 | pos |\n",
       "| 8 | 10 | 115 |  0 |  0 |   0 | 35.3 | 0.134 | 29 | neg |\n",
       "| 9 |  2 | 197 | 70 | 45 | 543 | 30.5 | 0.158 | 53 | pos |\n",
       "| 10 |  8 | 125 | 96 |  0 |   0 |  0.0 | 0.232 | 54 | pos |\n",
       "\n"
      ],
      "text/plain": [
       "   pregnant glucose pressure triceps insulin mass pedigree age diabetes\n",
       "1   6       148     72       35        0     33.6 0.627    50  pos     \n",
       "2   1        85     66       29        0     26.6 0.351    31  neg     \n",
       "3   8       183     64        0        0     23.3 0.672    32  pos     \n",
       "4   1        89     66       23       94     28.1 0.167    21  neg     \n",
       "5   0       137     40       35      168     43.1 2.288    33  pos     \n",
       "6   5       116     74        0        0     25.6 0.201    30  neg     \n",
       "7   3        78     50       32       88     31.0 0.248    26  pos     \n",
       "8  10       115      0        0        0     35.3 0.134    29  neg     \n",
       "9   2       197     70       45      543     30.5 0.158    53  pos     \n",
       "10  8       125     96        0        0      0.0 0.232    54  pos     "
      ]
     },
     "metadata": {},
     "output_type": "display_data"
    }
   ],
   "source": [
    "head(pima, 10)"
   ]
  },
  {
   "cell_type": "code",
   "execution_count": null,
   "id": "c27ae973-86c7-40da-a400-47d92b2586d5",
   "metadata": {},
   "outputs": [],
   "source": []
  },
  {
   "cell_type": "code",
   "execution_count": 17,
   "id": "b38ee17d-d64f-47ed-930c-d989eb79a73c",
   "metadata": {},
   "outputs": [
    {
     "name": "stdout",
     "output_type": "stream",
     "text": [
      "'data.frame':\t768 obs. of  9 variables:\n",
      " $ pregnant: num  6 1 8 1 0 5 3 10 2 8 ...\n",
      " $ glucose : num  148 85 183 89 137 116 78 115 197 125 ...\n",
      " $ pressure: num  72 66 64 66 40 74 50 0 70 96 ...\n",
      " $ triceps : num  35 29 0 23 35 0 32 0 45 0 ...\n",
      " $ insulin : num  0 0 0 94 168 0 88 0 543 0 ...\n",
      " $ mass    : num  33.6 26.6 23.3 28.1 43.1 25.6 31 35.3 30.5 0 ...\n",
      " $ pedigree: num  0.627 0.351 0.672 0.167 2.288 ...\n",
      " $ age     : num  50 31 32 21 33 30 26 29 53 54 ...\n",
      " $ diabetes: Factor w/ 2 levels \"neg\",\"pos\": 2 1 2 1 2 1 2 1 2 2 ...\n"
     ]
    }
   ],
   "source": [
    "str(pima)"
   ]
  },
  {
   "cell_type": "code",
   "execution_count": null,
   "id": "5f3b77fb-c50c-4adb-9377-247d680dbcc1",
   "metadata": {},
   "outputs": [],
   "source": []
  },
  {
   "cell_type": "code",
   "execution_count": 18,
   "id": "01d4debf-821b-4eed-966e-d13c51fd1526",
   "metadata": {},
   "outputs": [
    {
     "data": {
      "text/plain": [
       "    pregnant         glucose         pressure         triceps     \n",
       " Min.   : 0.000   Min.   :  0.0   Min.   :  0.00   Min.   : 0.00  \n",
       " 1st Qu.: 1.000   1st Qu.: 99.0   1st Qu.: 62.00   1st Qu.: 0.00  \n",
       " Median : 3.000   Median :117.0   Median : 72.00   Median :23.00  \n",
       " Mean   : 3.845   Mean   :120.9   Mean   : 69.11   Mean   :20.54  \n",
       " 3rd Qu.: 6.000   3rd Qu.:140.2   3rd Qu.: 80.00   3rd Qu.:32.00  \n",
       " Max.   :17.000   Max.   :199.0   Max.   :122.00   Max.   :99.00  \n",
       "    insulin           mass          pedigree           age        diabetes \n",
       " Min.   :  0.0   Min.   : 0.00   Min.   :0.0780   Min.   :21.00   neg:500  \n",
       " 1st Qu.:  0.0   1st Qu.:27.30   1st Qu.:0.2437   1st Qu.:24.00   pos:268  \n",
       " Median : 30.5   Median :32.00   Median :0.3725   Median :29.00            \n",
       " Mean   : 79.8   Mean   :31.99   Mean   :0.4719   Mean   :33.24            \n",
       " 3rd Qu.:127.2   3rd Qu.:36.60   3rd Qu.:0.6262   3rd Qu.:41.00            \n",
       " Max.   :846.0   Max.   :67.10   Max.   :2.4200   Max.   :81.00            "
      ]
     },
     "metadata": {},
     "output_type": "display_data"
    }
   ],
   "source": [
    "summary(pima)"
   ]
  },
  {
   "cell_type": "code",
   "execution_count": null,
   "id": "e7b81888-48ce-4a31-b8f2-a7b08601ea11",
   "metadata": {},
   "outputs": [],
   "source": []
  },
  {
   "cell_type": "code",
   "execution_count": 19,
   "id": "0855a46c-668d-4466-9aa9-cf4a40f6e3fa",
   "metadata": {},
   "outputs": [
    {
     "data": {
      "text/html": [
       "<style>\n",
       ".list-inline {list-style: none; margin:0; padding: 0}\n",
       ".list-inline>li {display: inline-block}\n",
       ".list-inline>li:not(:last-child)::after {content: \"\\00b7\"; padding: 0 .5ex}\n",
       "</style>\n",
       "<ol class=list-inline><li>768</li><li>9</li></ol>\n"
      ],
      "text/latex": [
       "\\begin{enumerate*}\n",
       "\\item 768\n",
       "\\item 9\n",
       "\\end{enumerate*}\n"
      ],
      "text/markdown": [
       "1. 768\n",
       "2. 9\n",
       "\n",
       "\n"
      ],
      "text/plain": [
       "[1] 768   9"
      ]
     },
     "metadata": {},
     "output_type": "display_data"
    }
   ],
   "source": [
    "dim(pima)"
   ]
  },
  {
   "cell_type": "code",
   "execution_count": null,
   "id": "e3a80a76-9507-4b4e-b3f6-2b252c7f7e38",
   "metadata": {},
   "outputs": [],
   "source": []
  },
  {
   "cell_type": "code",
   "execution_count": 27,
   "id": "73995d88-1fad-40cb-a299-ab70191462b4",
   "metadata": {},
   "outputs": [
    {
     "data": {
      "text/html": [
       "<table class=\"dataframe\">\n",
       "<caption>A matrix: 2 × 2 of type dbl</caption>\n",
       "<thead>\n",
       "\t<tr><th></th><th scope=col>freq</th><th scope=col>percentage</th></tr>\n",
       "</thead>\n",
       "<tbody>\n",
       "\t<tr><th scope=row>neg</th><td>500</td><td>65.10417</td></tr>\n",
       "\t<tr><th scope=row>pos</th><td>268</td><td>34.89583</td></tr>\n",
       "</tbody>\n",
       "</table>\n"
      ],
      "text/latex": [
       "A matrix: 2 × 2 of type dbl\n",
       "\\begin{tabular}{r|ll}\n",
       "  & freq & percentage\\\\\n",
       "\\hline\n",
       "\tneg & 500 & 65.10417\\\\\n",
       "\tpos & 268 & 34.89583\\\\\n",
       "\\end{tabular}\n"
      ],
      "text/markdown": [
       "\n",
       "A matrix: 2 × 2 of type dbl\n",
       "\n",
       "| <!--/--> | freq | percentage |\n",
       "|---|---|---|\n",
       "| neg | 500 | 65.10417 |\n",
       "| pos | 268 | 34.89583 |\n",
       "\n"
      ],
      "text/plain": [
       "    freq percentage\n",
       "neg 500  65.10417  \n",
       "pos 268  34.89583  "
      ]
     },
     "metadata": {},
     "output_type": "display_data"
    }
   ],
   "source": [
    "y = pima$diabetes\n",
    "cbind(freq=table(y), percentage = prop.table(table(y)) * 100)"
   ]
  },
  {
   "cell_type": "code",
   "execution_count": null,
   "id": "2ae2892b-d540-4805-8bf2-225289ea9270",
   "metadata": {},
   "outputs": [],
   "source": []
  },
  {
   "cell_type": "code",
   "execution_count": 31,
   "id": "b52d7115-3d20-4609-97be-9970be33a4ff",
   "metadata": {},
   "outputs": [
    {
     "name": "stdout",
     "output_type": "stream",
     "text": [
      "    pregnant      glucose     pressure      triceps      insulin         mass \n",
      "1.135406e+01 1.022248e+03 3.746473e+02 2.544732e+02 1.328118e+04 6.215998e+01 \n",
      "    pedigree          age \n",
      "1.097786e-01 1.383030e+02 \n"
     ]
    }
   ],
   "source": [
    "print(sapply(pima[, 1:8], var))"
   ]
  },
  {
   "cell_type": "code",
   "execution_count": null,
   "id": "727e07e2-6b59-42b6-9139-cf410579549a",
   "metadata": {},
   "outputs": [],
   "source": []
  },
  {
   "cell_type": "code",
   "execution_count": 32,
   "id": "86f73ac4-5614-4bea-b7d9-d1575567dd1c",
   "metadata": {},
   "outputs": [
    {
     "name": "stdout",
     "output_type": "stream",
     "text": [
      "   pregnant     glucose    pressure     triceps     insulin        mass \n",
      "  3.3695781  31.9726182  19.3558072  15.9522176 115.2440024   7.8841603 \n",
      "   pedigree         age \n",
      "  0.3313286  11.7602315 \n"
     ]
    }
   ],
   "source": [
    "print(sapply(pima[, 1:8], sd))"
   ]
  },
  {
   "cell_type": "code",
   "execution_count": null,
   "id": "1e5d10d7-f37b-460e-87ef-6824dc63b5fb",
   "metadata": {},
   "outputs": [],
   "source": []
  },
  {
   "cell_type": "code",
   "execution_count": 33,
   "id": "5eeb6772-7856-46e0-ba8c-08be42242662",
   "metadata": {},
   "outputs": [
    {
     "name": "stderr",
     "output_type": "stream",
     "text": [
      "Installing package into ‘/home/manhcuong/R/x86_64-pc-linux-gnu-library/4.1’\n",
      "(as ‘lib’ is unspecified)\n",
      "\n"
     ]
    }
   ],
   "source": [
    "install.packages('e1071')"
   ]
  },
  {
   "cell_type": "code",
   "execution_count": 35,
   "id": "fa66f9c5-a140-4cfc-98f6-ae6b310f7ac7",
   "metadata": {},
   "outputs": [],
   "source": [
    "library('e1071')"
   ]
  },
  {
   "cell_type": "code",
   "execution_count": null,
   "id": "59c82a6d-3bc0-49b0-b4a0-a55a10a6639c",
   "metadata": {},
   "outputs": [],
   "source": []
  },
  {
   "cell_type": "code",
   "execution_count": 37,
   "id": "6aeff118-fba7-47c4-adab-254f9e602a64",
   "metadata": {},
   "outputs": [
    {
     "name": "stdout",
     "output_type": "stream",
     "text": [
      "  pregnant    glucose   pressure    triceps    insulin       mass   pedigree \n",
      " 0.8981549  0.1730754 -1.8364126  0.1089456  2.2633826 -0.4273073  1.9124179 \n",
      "       age \n",
      " 1.1251880 \n"
     ]
    }
   ],
   "source": [
    "print(apply(pima[, 1:8], 2, skewness))"
   ]
  },
  {
   "cell_type": "code",
   "execution_count": null,
   "id": "c4354886-1234-434e-8248-2a453f0404af",
   "metadata": {},
   "outputs": [],
   "source": []
  },
  {
   "cell_type": "code",
   "execution_count": 39,
   "id": "ce775236-5409-4517-beae-01a48c9b11a0",
   "metadata": {},
   "outputs": [
    {
     "name": "stdout",
     "output_type": "stream",
     "text": [
      "  pregnant    glucose   pressure    triceps    insulin       mass   pedigree \n",
      " 0.1421840  0.6193695  5.1175100 -0.5309369  7.1331349  3.2449627  5.5285389 \n",
      "       age \n",
      " 0.6217269 \n"
     ]
    }
   ],
   "source": [
    "print(sapply(pima[, 1:8], kurtosis))"
   ]
  },
  {
   "cell_type": "code",
   "execution_count": null,
   "id": "5a420e26-5ede-42cb-8d72-81f457c570e4",
   "metadata": {},
   "outputs": [],
   "source": []
  },
  {
   "cell_type": "code",
   "execution_count": 40,
   "id": "9a820f56-27c7-48db-8335-6b95eec02d2f",
   "metadata": {},
   "outputs": [
    {
     "data": {
      "text/html": [
       "<table class=\"dataframe\">\n",
       "<caption>A matrix: 8 × 8 of type dbl</caption>\n",
       "<thead>\n",
       "\t<tr><th></th><th scope=col>pregnant</th><th scope=col>glucose</th><th scope=col>pressure</th><th scope=col>triceps</th><th scope=col>insulin</th><th scope=col>mass</th><th scope=col>pedigree</th><th scope=col>age</th></tr>\n",
       "</thead>\n",
       "<tbody>\n",
       "\t<tr><th scope=row>pregnant</th><td> 1.00000000</td><td>0.12945867</td><td>0.14128198</td><td>-0.08167177</td><td>-0.07353461</td><td>0.01768309</td><td>-0.03352267</td><td> 0.54434123</td></tr>\n",
       "\t<tr><th scope=row>glucose</th><td> 0.12945867</td><td>1.00000000</td><td>0.15258959</td><td> 0.05732789</td><td> 0.33135711</td><td>0.22107107</td><td> 0.13733730</td><td> 0.26351432</td></tr>\n",
       "\t<tr><th scope=row>pressure</th><td> 0.14128198</td><td>0.15258959</td><td>1.00000000</td><td> 0.20737054</td><td> 0.08893338</td><td>0.28180529</td><td> 0.04126495</td><td> 0.23952795</td></tr>\n",
       "\t<tr><th scope=row>triceps</th><td>-0.08167177</td><td>0.05732789</td><td>0.20737054</td><td> 1.00000000</td><td> 0.43678257</td><td>0.39257320</td><td> 0.18392757</td><td>-0.11397026</td></tr>\n",
       "\t<tr><th scope=row>insulin</th><td>-0.07353461</td><td>0.33135711</td><td>0.08893338</td><td> 0.43678257</td><td> 1.00000000</td><td>0.19785906</td><td> 0.18507093</td><td>-0.04216295</td></tr>\n",
       "\t<tr><th scope=row>mass</th><td> 0.01768309</td><td>0.22107107</td><td>0.28180529</td><td> 0.39257320</td><td> 0.19785906</td><td>1.00000000</td><td> 0.14064695</td><td> 0.03624187</td></tr>\n",
       "\t<tr><th scope=row>pedigree</th><td>-0.03352267</td><td>0.13733730</td><td>0.04126495</td><td> 0.18392757</td><td> 0.18507093</td><td>0.14064695</td><td> 1.00000000</td><td> 0.03356131</td></tr>\n",
       "\t<tr><th scope=row>age</th><td> 0.54434123</td><td>0.26351432</td><td>0.23952795</td><td>-0.11397026</td><td>-0.04216295</td><td>0.03624187</td><td> 0.03356131</td><td> 1.00000000</td></tr>\n",
       "</tbody>\n",
       "</table>\n"
      ],
      "text/latex": [
       "A matrix: 8 × 8 of type dbl\n",
       "\\begin{tabular}{r|llllllll}\n",
       "  & pregnant & glucose & pressure & triceps & insulin & mass & pedigree & age\\\\\n",
       "\\hline\n",
       "\tpregnant &  1.00000000 & 0.12945867 & 0.14128198 & -0.08167177 & -0.07353461 & 0.01768309 & -0.03352267 &  0.54434123\\\\\n",
       "\tglucose &  0.12945867 & 1.00000000 & 0.15258959 &  0.05732789 &  0.33135711 & 0.22107107 &  0.13733730 &  0.26351432\\\\\n",
       "\tpressure &  0.14128198 & 0.15258959 & 1.00000000 &  0.20737054 &  0.08893338 & 0.28180529 &  0.04126495 &  0.23952795\\\\\n",
       "\ttriceps & -0.08167177 & 0.05732789 & 0.20737054 &  1.00000000 &  0.43678257 & 0.39257320 &  0.18392757 & -0.11397026\\\\\n",
       "\tinsulin & -0.07353461 & 0.33135711 & 0.08893338 &  0.43678257 &  1.00000000 & 0.19785906 &  0.18507093 & -0.04216295\\\\\n",
       "\tmass &  0.01768309 & 0.22107107 & 0.28180529 &  0.39257320 &  0.19785906 & 1.00000000 &  0.14064695 &  0.03624187\\\\\n",
       "\tpedigree & -0.03352267 & 0.13733730 & 0.04126495 &  0.18392757 &  0.18507093 & 0.14064695 &  1.00000000 &  0.03356131\\\\\n",
       "\tage &  0.54434123 & 0.26351432 & 0.23952795 & -0.11397026 & -0.04216295 & 0.03624187 &  0.03356131 &  1.00000000\\\\\n",
       "\\end{tabular}\n"
      ],
      "text/markdown": [
       "\n",
       "A matrix: 8 × 8 of type dbl\n",
       "\n",
       "| <!--/--> | pregnant | glucose | pressure | triceps | insulin | mass | pedigree | age |\n",
       "|---|---|---|---|---|---|---|---|---|\n",
       "| pregnant |  1.00000000 | 0.12945867 | 0.14128198 | -0.08167177 | -0.07353461 | 0.01768309 | -0.03352267 |  0.54434123 |\n",
       "| glucose |  0.12945867 | 1.00000000 | 0.15258959 |  0.05732789 |  0.33135711 | 0.22107107 |  0.13733730 |  0.26351432 |\n",
       "| pressure |  0.14128198 | 0.15258959 | 1.00000000 |  0.20737054 |  0.08893338 | 0.28180529 |  0.04126495 |  0.23952795 |\n",
       "| triceps | -0.08167177 | 0.05732789 | 0.20737054 |  1.00000000 |  0.43678257 | 0.39257320 |  0.18392757 | -0.11397026 |\n",
       "| insulin | -0.07353461 | 0.33135711 | 0.08893338 |  0.43678257 |  1.00000000 | 0.19785906 |  0.18507093 | -0.04216295 |\n",
       "| mass |  0.01768309 | 0.22107107 | 0.28180529 |  0.39257320 |  0.19785906 | 1.00000000 |  0.14064695 |  0.03624187 |\n",
       "| pedigree | -0.03352267 | 0.13733730 | 0.04126495 |  0.18392757 |  0.18507093 | 0.14064695 |  1.00000000 |  0.03356131 |\n",
       "| age |  0.54434123 | 0.26351432 | 0.23952795 | -0.11397026 | -0.04216295 | 0.03624187 |  0.03356131 |  1.00000000 |\n",
       "\n"
      ],
      "text/plain": [
       "         pregnant    glucose    pressure   triceps     insulin     mass      \n",
       "pregnant  1.00000000 0.12945867 0.14128198 -0.08167177 -0.07353461 0.01768309\n",
       "glucose   0.12945867 1.00000000 0.15258959  0.05732789  0.33135711 0.22107107\n",
       "pressure  0.14128198 0.15258959 1.00000000  0.20737054  0.08893338 0.28180529\n",
       "triceps  -0.08167177 0.05732789 0.20737054  1.00000000  0.43678257 0.39257320\n",
       "insulin  -0.07353461 0.33135711 0.08893338  0.43678257  1.00000000 0.19785906\n",
       "mass      0.01768309 0.22107107 0.28180529  0.39257320  0.19785906 1.00000000\n",
       "pedigree -0.03352267 0.13733730 0.04126495  0.18392757  0.18507093 0.14064695\n",
       "age       0.54434123 0.26351432 0.23952795 -0.11397026 -0.04216295 0.03624187\n",
       "         pedigree    age        \n",
       "pregnant -0.03352267  0.54434123\n",
       "glucose   0.13733730  0.26351432\n",
       "pressure  0.04126495  0.23952795\n",
       "triceps   0.18392757 -0.11397026\n",
       "insulin   0.18507093 -0.04216295\n",
       "mass      0.14064695  0.03624187\n",
       "pedigree  1.00000000  0.03356131\n",
       "age       0.03356131  1.00000000"
      ]
     },
     "metadata": {},
     "output_type": "display_data"
    }
   ],
   "source": [
    "pima_cor = cor(pima[, 1:8])\n",
    "pima_cor"
   ]
  },
  {
   "cell_type": "code",
   "execution_count": 41,
   "id": "e9117ddd-34c5-4791-8f30-2f5a259bde38",
   "metadata": {},
   "outputs": [
    {
     "name": "stderr",
     "output_type": "stream",
     "text": [
      "Installing package into ‘/home/manhcuong/R/x86_64-pc-linux-gnu-library/4.1’\n",
      "(as ‘lib’ is unspecified)\n",
      "\n"
     ]
    }
   ],
   "source": [
    "install.packages('corrplot')"
   ]
  },
  {
   "cell_type": "code",
   "execution_count": 43,
   "id": "3ac0b669-bb7d-44d7-a1be-045496d1e355",
   "metadata": {},
   "outputs": [],
   "source": [
    "library(corrplot)"
   ]
  },
  {
   "cell_type": "code",
   "execution_count": 44,
   "id": "765a18e4-2440-4f1a-b1b2-272018579990",
   "metadata": {},
   "outputs": [
    {
     "data": {
